
time,npos,epos,alt,phi,theta,psi,vel,alpha,beta,p,q,r,nx,ny,nz,mach,qbar,ps,

 0.00000, 0.00000, 0.00000,15000.00000, 0.00000,-0.95320, 0.00000,500.00000,-0.95320, 0.00000, 0.00000, 5.00000, 0.00000,-0.30661, 0.00000, 0.14947, 0.47339,187.31921,1193.18672,-5030.47712,-1.11792, 0.00000, 0.00000,
 0.10000,49.95263, 0.00000,14999.87133, 0.00000,-0.47898,-0.00000,499.07372,-0.19166, 0.00000, 0.00000, 4.47685,-0.00000,-0.27884, 0.00000, 0.28409, 0.47252,186.62659,1193.19292,-4456.60135,-1.11792, 0.00000, 0.00000,
 0.20000,99.81634, 0.00000,14999.51236, 0.00000,-0.05913,-0.00000,498.24346, 0.47220, 0.00000, 0.00000, 3.91213,-0.00000,-0.24886, 0.00000, 0.39209, 0.47173,186.00834,1193.21022,-3937.33707,-1.11792, 0.00000, 0.00000,
 0.30000,149.60000, 0.00000,14998.95742, 0.00000, 0.30198,-0.00000,497.50642, 1.04276, 0.00000,-0.00000, 3.30428,-0.00000,-0.22036, 0.00000, 0.47989, 0.47103,185.46178,1193.23697,-3467.48733,-1.11792, 0.00000, 0.00000,
 0.40000,199.31185, 0.00000,14998.23433,-0.00000, 0.60084,-0.00000,496.84833, 1.52250, 0.00000,-0.00000, 2.66993,-0.00000,-0.19505,-0.00000, 0.55110, 0.47041,184.97581,1193.27182,-3042.34970,-1.11792, 0.00000, 0.00000,
 0.50000,248.95902, 0.00000,14997.36575,-0.00000, 0.83561,-0.00000,496.25778, 1.91520, 0.00000,-0.00000, 2.02480,-0.00000,-0.17265,-0.00000, 0.60683, 0.46985,184.54156,1193.31369,-2657.66927,-1.11792, 0.00000, 0.00000,
 0.60000,298.54774, 0.00000,14996.36946,-0.00000, 1.00590,-0.00000,495.72635, 2.22575, 0.00000,-0.00000, 1.38248,-0.00000,-0.15289,-0.00000, 0.64831, 0.46934,184.15250,1193.36171,-2309.59601,-1.11792, 0.00000, 0.00000,
 0.70000,348.08357, 0.00000,14995.25878,-0.00000, 1.11258,-0.00000,495.24797, 2.45990, 0.00000,-0.00000, 0.75451,-0.00000,-0.13552,-0.00000, 0.67686, 0.46889,183.80389,1193.41525,-1994.64631,-1.11792, 0.00000, 0.00000,
 0.80000,397.57155, 0.00000,14994.04294,-0.00000, 1.15760,-0.00000,494.81827, 2.62401, 0.00000,-0.00000, 0.15048,-0.00000,-0.12029,-0.00000, 0.69383, 0.46848,183.49234,1193.47386,-1709.66804,-1.11792, 0.00000, 0.00000,
 0.90000,447.01630,-0.00000,14992.72750,-0.00000, 1.14373,-0.00000,494.43410, 2.72482, 0.00000,-0.00000,-0.42190,-0.00000,-0.10699,-0.00000, 0.70059, 0.46811,183.21537,1193.53728,-1451.80903,-1.11792, 0.00000, 0.00000,
 1.00000,496.42211,-0.00000,14991.31476,-0.00000, 1.07447,-0.00000,494.09314, 2.76932, 0.00000,-0.00000,-0.95663,-0.00000,-0.09537,-0.00000, 0.69867, 0.46779,182.97117,1193.60538,-1218.48855,-1.11007, 0.00000, 0.00000,
 1.10000,545.79282,-0.00000,14989.80922,-0.00000, 0.89555,-0.00000,493.77756, 2.69163, 0.00000,-0.00000,-3.05286,-0.00000,-0.09584,-0.00000, 0.73643, 0.46748,182.74647,1193.67797,-1007.37145, 3.10378, 0.00000, 0.00000,
 1.20000,595.12944,-0.00000,14988.21483,-0.00000, 0.43259,-0.00000,493.47709, 2.34445, 0.00000,-0.00000,-6.21744,-0.00000,-0.09361,-0.00000, 0.64000, 0.46720,182.53360,1193.75484,-816.34480, 3.77883, 0.00000, 0.00000,
 1.30000,644.43441,-0.00000,14986.50306,-0.00000,-0.34133,-0.00000,493.22550, 1.73280, 0.00000,-0.00000,-9.20745,-0.00000,-0.09140,-0.00000, 0.49138, 0.46696,182.35768,1193.83738,-643.49674, 3.86838, 0.00000, 0.00000,
 1.40000,693.71079,-0.00000,14984.62701,-0.00000,-1.39694,-0.00000,493.02448, 0.90070, 0.00000,-0.00000,-11.84193,-0.00000,-0.09074,-0.00000, 0.31163, 0.46676,182.22018,1193.92784,-487.09735, 3.88026, 0.00000, 0.00000,
 1.50000,742.96020,-0.00000,14982.52959,-0.00000,-2.69706,-0.00000,492.86292,-0.10497, 0.00000,-0.00000,-14.09881,-0.00000,-0.09061,-0.00000, 0.10906, 0.46661,182.11321,1194.02898,-345.58133, 3.88184, 0.00000, 0.00000,
 1.60000,792.18212,-0.00000,14980.14583,-0.00000,-4.21206,-0.00000,492.73684,-1.24446, 0.00000,-0.00000,-16.20511,-0.00000,-0.08368,-0.00000,-0.12447, 0.46648,182.03416,1194.14395,-217.53233, 3.88205, 0.00000, 0.00000,
 1.70000,841.37383,-0.00000,14977.40184,-0.00000,-5.94019,-0.00000,492.62989,-2.50657, 0.00000,-0.00000,-18.37494,-0.00000,-0.07714,-0.00000,-0.37870, 0.46638,181.97139,1194.27629,-101.66881, 3.88207, 0.00000, 0.00000,
 1.80000,890.52768,-0.00000,14974.21697,-0.00000,-7.89198,-0.00000,492.50623,-3.89405, 0.00000,-0.00000,-20.69336,-0.00000,-0.07091,-0.00000,-0.65495, 0.46625,181.89889,1194.42991, 3.16884, 3.88208, 0.00000, 0.00000,
 1.90000,939.62926,-0.00000,14970.50411,-0.00000,-10.08681,-0.00000,492.31849,-5.41664, 0.00000,-0.00000,-23.22691,-0.00000,-0.06538,-0.00000,-0.98242, 0.46607,181.78219,1194.60902,98.02986, 3.88208, 0.00000, 0.00000,
 2.00000,988.65340,-0.00000,14966.15997,-0.00000,-12.52278,-0.00000,491.98280,-7.04002, 0.00000,-0.00000,-25.38138,-0.00000,-0.06127,-0.00000,-1.39120, 0.46574,181.56003,1194.81861,183.86367, 3.88208, 0.00000, 0.00000,
 2.10000,1037.56030,-0.00000,14961.06205,-0.00000,-15.13955, 0.00000,491.42385,-8.69625, 0.00000,-0.00000,-26.83230, 0.00000,-0.05727,-0.00000,-1.78736, 0.46520,181.17775,1195.06461,261.52931, 3.88208, 0.00000, 0.00000,
 2.20000,1086.29838,-0.00000,14955.09306,-0.00000,-17.86491, 0.00000,490.58566,-10.32076, 0.00000,-0.00000,-27.55573, 0.00000,-0.05347,-0.00000,-2.16040, 0.46440,180.59529,1195.35269,331.80409, 3.88208, 0.00000, 0.00000,
 2.30000,1134.80624,-0.00000,14948.14726,-0.00000,-20.62813, 0.00000,489.43079,-11.85381, 0.00000,-0.00000,-27.60421, 0.00000,-0.04997,-0.00000,-2.50165, 0.46329,179.78663,1195.68799,395.39134, 3.88208, 0.00000, 0.00000,
 2.40000,1183.01515,-0.00000,14940.13351,-0.00000,-23.36700, 0.00000,487.94556,-13.24661, 0.00000,-0.00000,-27.09140, 0.00000,-0.04680,-0.00000,-2.80420, 0.46187,178.74371,1196.07493,452.92746, 3.88208, 0.00000, 0.00000,
 2.50000,1230.85236,-0.00000,14930.97723,-0.00000,-26.03263, 0.00000,486.14150,-14.46536, 0.00000,-0.00000,-26.16547, 0.00000,-0.04400,-0.00000,-3.06307, 0.46015,177.47726,1196.51716,504.98829, 3.88208, 0.00000, 0.00000,
 2.60000,1278.24455,-0.00000,14920.62135,-0.00000,-28.59148, 0.00000,484.05297,-15.49245, 0.00000,-0.00000,-24.98055, 0.00000,-0.04152,-0.00000,-3.27556, 0.45815,176.01487,1197.01750,552.09489, 3.88208, 0.00000, 0.00000,
 2.70000,1325.12112, 0.00000,14909.02613,-0.00000,-31.02474, 0.00000,481.73178,-16.32513, 0.00000,-0.00000,-23.67442, 0.00000,-0.03932,-0.00000,-3.44141, 0.45594,174.39655,1197.57790,594.71869, 3.88208, 0.00000, 0.00000,
 2.80000,1371.41677, 0.00000,14896.16805,-0.00000,-33.32598, 0.00000,479.24012,-16.97248, 0.00000,-0.00000,-22.35581, 0.00000,-0.03731, 0.00000,-3.56273, 0.45355,172.66932,1198.19959,633.28631, 3.88208, 0.00000, 0.00000,
 2.90000,1417.07330, 0.00000,14882.03807,-0.00000,-35.49806, 0.00000,476.64342,-17.45170, 0.00000,-0.00000,-21.10105, 0.00000,-0.03546, 0.00000,-3.64362, 0.45107,170.88169,1198.88308,668.18373, 3.88208, 0.00000, 0.00000,
 3.00000,1462.04051, 0.00000,14866.63939,-0.00000,-37.54991, 0.00000,474.00435,-17.78453,-0.00000,-0.00000,-19.95700, 0.00000,-0.03368, 0.00000,-3.68961, 0.44855,169.07926,1199.62829,699.76022, 3.87422, 0.00000, 0.00000,
 3.10000,1506.27332, 0.00000,14849.97962,-0.00000,-39.42919, 0.00000,471.34742,-17.90762,-0.00000,-0.00000,-16.99632, 0.00000,-0.03540, 0.00000,-3.81608, 0.44600,167.27964,1200.43496,728.33182,-2.12578, 0.00000, 0.00000,
 3.20000,1549.71999, 0.00000,14832.05967,-0.00000,-40.83150, 0.00000,468.65241,-17.52301,-0.00000,-0.00000,-10.81108, 0.00000,-0.06196, 0.00000,-3.80289, 0.44342,165.46854,1201.30313,754.18446,-5.56211, 0.00000, 0.00000,
 3.30000,1592.35654, 0.00000,14812.90814,-0.00000,-41.60365, 0.00000,466.27115,-16.54500,-0.00000,-0.00000,-4.81639, 0.00000,-0.06342, 0.00000,-3.58602, 0.44114,163.89323,1202.23152,777.57690,-6.04419, 0.00000, 0.00000,
 3.40000,1634.21497, 0.00000,14792.58756,-0.00000,-41.83443, 0.00000,464.47473,-15.12294,-0.00000,-0.00000, 0.01250, 0.00000,-0.05987, 0.00000,-3.23627, 0.43940,162.74018,1203.21722,798.74326,-6.10814, 0.00000, 0.00000,
 3.50000,1675.36662, 0.00000,14771.18355,-0.00000,-41.63430, 0.00000,463.37673,-13.41166,-0.00000,-0.00000, 3.84833, 0.00000,-0.05468, 0.00000,-2.79917, 0.43833,162.08431,1204.25617,817.89537,-6.11663, 0.00000, 0.00000,
 3.60000,1715.90800, 0.00000,14748.79727,-0.00000,-41.08862, 0.00000,462.98791,-11.52869,-0.00000,-0.00000, 6.96707, 0.00000,-0.04865, 0.00000,-2.30613, 0.43792,161.93009,1205.34358,835.22492,-6.11775, 0.00000, 0.00000,
 3.70000,1755.95054, 0.00000,14725.54105,-0.00000,-40.25685, 0.00000,463.25146,-9.55613,-0.00000,-0.00000, 9.60512, 0.00000,-0.04215, 0.00000,-1.77742, 0.43813,162.23695,1206.47408,850.90534,-6.11790, 0.00000, 0.00000,
 3.80000,1795.61341, 0.00000,14701.53610,-0.00000,-39.17730, 0.00000,464.06981,-7.54794,-0.00000,-0.00000,11.95066,-0.00000,-0.03535, 0.00000,-1.22468, 0.43886,162.93757,1207.64187,865.09357,-6.11792, 0.00000, 0.00000,
 3.90000,1835.01848, 0.00000,14676.91186,-0.00000,-37.87137, 0.00000,465.32299,-5.53641,-0.00000,-0.00000,14.15598,-0.00000,-0.02833, 0.00000,-0.65319, 0.44000,163.94973,1208.84074,877.93162,-6.11792, 0.00000, 0.00000,
 4.00000,1874.28414, 0.00000,14651.80273,-0.00000,-36.34877, 0.00000,466.85966,-3.51582,-0.00000,-0.00000,16.25167,-0.00000,-0.02689, 0.00000,-0.22813, 0.44141,165.16889,1210.06420,889.54796,-6.11792, 0.00000, 0.00000,
 4.10000,1913.49890, 0.00000,14626.31824,-0.00000,-34.63312, 0.00000,468.51604,-1.45406,-0.00000, 0.00000,17.99375,-0.00000,-0.02755, 0.00000, 0.14770, 0.44294,166.48056,1211.30697,900.05886,-6.11792, 0.00000, 0.00000,
 4.20000,1952.73289, 0.00000,14600.55651,-0.00000,-32.76447, 0.00000,470.19987, 0.61104,-0.00000, 0.00000,19.30565,-0.00000,-0.02134, 0.00000, 0.51744, 0.44448,167.81954,1212.56431,909.56952,-6.11792, 0.00000, 0.00000,
 4.30000,1992.05067, 0.00000,14574.61636,-0.00000,-30.78522, 0.00000,471.87285, 2.64677,-0.00000, 0.00000,20.21747,-0.00000, 0.00133, 0.00000, 0.86361, 0.44602,169.15812,1213.83141,918.17512,-6.11792, 0.00000, 0.00000,
 4.40000,2031.51033, 0.00000,14548.59309,-0.00000,-28.73286, 0.00000,473.47046, 4.62242, 0.00000, 0.00000,20.77290,-0.00000, 0.02377, 0.00000, 1.20010, 0.44748,170.44924,1215.10365,925.96178,-6.11792, 0.00000, 0.00000,
 4.50000,2071.16176, 0.00000,14522.58244,-0.00000,-26.64273, 0.00000,474.93595, 6.51067, 0.00000, 0.00000,20.95615,-0.00000, 0.05849,-0.00000, 1.51103, 0.44882,171.65070,1216.37634,933.00745,-6.11792, 0.00000, 0.00000,
 4.60000,2111.04718, 0.00000,14496.67590,-0.00000,-24.55589, 0.00000,476.24342, 8.28221, 0.00000,-0.00000,20.71455,-0.00000, 0.09420,-0.00000, 1.79718, 0.45001,172.74207,1217.64501,939.38263,-6.11792, 0.00000, 0.00000,
 4.70000,2151.19964, 0.00000,14470.96053,-0.00000,-22.51197,-0.00000,477.34617, 9.90856, 0.00000,-0.00000,20.10861,-0.00000, 0.12686,-0.00000, 2.05609, 0.45101,173.68764,1218.90536,945.15114,-6.11792, 0.00000, 0.00000,
 4.80000,2191.64333, 0.00000,14445.51824,-0.00000,-20.53783,-0.00000,478.24180,11.37345, 0.00000,-0.00000,19.40117,-0.00000, 0.17615,-0.00000, 2.29245, 0.45181,174.48378,1220.15337,950.37070,-6.11792, 0.00000, 0.00000,
 4.90000,2232.39821, 0.00000,14420.42466,-0.00000,-18.62656,-0.00000,478.94244,12.69196, 0.00000,-0.00000,18.84840,-0.00000, 0.22198,-0.00000, 2.50788, 0.45243,175.13770,1221.38528,955.09355,-6.11792, 0.00000, 0.00000,
 5.00000,2273.47792, 0.00000,14395.75081,-0.00000,-16.76367,-0.00000,479.42939,13.88690, 0.00000,-0.00000,18.43024,-0.00000, 0.26373,-0.00000, 2.70467, 0.45284,175.63429,1222.59756,959.36696,-6.11007, 0.00000, 0.00000,
 5.10000,2314.89129, 0.00000,14371.56795,-0.00000,-14.99842,-0.00000,479.67798,14.90211, 0.00000,-0.00000,16.42493,-0.00000, 0.30667,-0.00000, 2.92668, 0.45304,175.95420,1223.78666,963.23371,-1.89622, 0.00000, 0.00000,
 5.20000,2356.64175, 0.00000,14347.94360,-0.00000,-13.51407,-0.00000,479.71816,15.58810, 0.00000,-0.00000,13.22031,-0.00000, 0.31753,-0.00000, 2.99900, 0.45303,176.11832,1224.94920,966.73248,-1.22117, 0.00000, 0.00000,
 5.30000,2398.71682, 0.00000,14324.91007,-0.00000,-12.35300,-0.00000,479.61789,15.94096, 0.00000,-0.00000,10.03207,-0.00000, 0.31938,-0.00000, 3.00622, 0.45290,176.17599,1226.08351,969.89831,-1.13162, 0.00000, 0.00000,
 5.40000,2441.09922, 0.00000,14302.47633,-0.00000,-11.49959,-0.00000,479.45616,15.99532,-0.00000,-0.00000, 7.08235,-0.00000, 0.31602, 0.00000, 2.96808, 0.45270,176.18505,1227.18911,972.76286,-1.11974, 0.00000, 0.00000,
 5.50000,2483.77173, 0.00000,14280.63529,-0.00000,-10.92660,-0.00000,479.30121,15.79282,-0.00000,-0.00000, 4.42973,-0.00000, 0.30847, 0.00000, 2.89347, 0.45252,176.19566,1228.26626,975.35482,-1.11816, 0.00000, 0.00000,
 5.60000,2526.71828, 0.00000,14259.36690,-0.00000,-10.60273,-0.00000,479.20803,15.37645,-0.00000,-0.00000, 2.10404,-0.00000, 0.29760, 0.00000, 2.78999, 0.45239,176.24838,1229.31590,977.70012,-1.11795, 0.00000, 0.00000,
 5.70000,2569.92421, 0.00000,14238.64083,-0.00000,-10.49440,-0.00000,479.21556,14.78901,-0.00000,-0.00000, 0.11390,-0.00000, 0.28122, 0.00000, 2.66376, 0.45236,176.37211,1230.33948,979.82223,-1.11793, 0.00000, 0.00000,
 5.80000,2613.37511, 0.00000,14218.41870,-0.00000,-10.57315,-0.00000,479.33050,14.06770,-0.00000,-0.00000,-1.66098,-0.00000, 0.25567, 0.00000, 2.51759, 0.45244,176.57216,1231.33883,981.74240,-1.11792, 0.00000, 0.00000,
 5.90000,2657.05551, 0.00000,14198.65555,-0.00000,-10.82135,-0.00000,479.55887,13.23694,-0.00000,-0.00000,-3.27861,-0.00000, 0.22708, 0.00000, 2.35639, 0.45262,176.85343,1232.31613,983.47984,-1.11792, 0.00000, 0.00000,
 6.00000,2700.95000, 0.00000,14179.30128,-0.00000,-11.22433,-0.00000,479.90409,12.31669, 0.00000,-0.00000,-4.75981,-0.00000, 0.19602, 0.00000, 2.18289, 0.45291,177.21900,1233.27381,985.05194,-1.11792, 0.00000, 0.00000,
 6.10000,2745.04301, 0.00000,14160.30160,-0.00000,-11.76938,-0.00000,480.36284,11.32399, 0.00000,-0.00000,-6.12305,-0.00000, 0.16295,-0.00000, 1.99930, 0.45331,177.66706,1234.21453,986.47444,-1.11792, 0.00000, 0.00000,
 6.20000,2789.31849, 0.00000,14141.59902,-0.00000,-12.44556,-0.00000,480.92623,10.27335, 0.00000,-0.00000,-7.38470,-0.00000, 0.12826,-0.00000, 1.80741, 0.45381,178.19172,1235.14111,987.76156,-1.11792, 0.00000, 0.00000,
 6.30000,2833.75984, 0.00000,14123.13354,-0.00000,-13.24180,-0.00000,481.59332, 9.17781, 0.00000,-0.00000,-8.49442,-0.00000, 0.10362,-0.00000, 1.61318, 0.45440,178.79306,1236.05648,988.92621,-1.11792, 0.00000, 0.00000,
 6.40000,2878.35246, 0.00000,14104.84394,-0.00000,-14.13455,-0.00000,482.37813, 8.06005, 0.00000,-0.00000,-9.31318,-0.00000, 0.08266,-0.00000, 1.42062, 0.45511,179.48229,1236.96368,989.98002,-1.11792, 0.00000, 0.00000,
 6.50000,2923.08241, 0.00000,14086.66950,-0.00000,-15.09542,-0.00000,483.26185, 6.94734, 0.00000,-0.00000,-9.86144,-0.00000, 0.06202,-0.00000, 1.23250, 0.45591,180.24632,1237.86570,990.93354,-1.11792, 0.00000, 0.00000,
 6.60000,2967.93483, 0.00000,14068.55121,-0.00000,-16.09876,-0.00000,484.22260, 5.86285, 0.00000,-0.00000,-10.16718,-0.00000, 0.04200,-0.00000, 1.05194, 0.45679,181.06965,1238.76546,991.79633,-1.11792, 0.00000, 0.00000,
 6.70000,3012.89404, 0.00000,14050.43292,-0.00000,-17.12169,-0.00000,485.23934, 4.82577, 0.00000,-0.00000,-10.25859,-0.00000, 0.02468,-0.00000, 0.88197, 0.45771,181.93727,1239.66574,992.57701,-1.11792, 0.00000, 0.00000,
 6.80000,3057.94466, 0.00000,14032.26207,-0.00000,-18.14519,-0.00000,486.31340, 3.84984, 0.00000,-0.00000,-10.18865,-0.00000, 0.01679,-0.00000, 0.72558, 0.45870,182.85085,1240.56917,993.28340,-1.11792, 0.00000, 0.00000,
 6.90000,3103.07310, 0.00000,14013.98998,-0.00000,-19.15523,-0.00000,487.43808, 2.94384, 0.00000,-0.00000,-9.99295,-0.00000, 0.00943,-0.00000, 0.58145, 0.45972,183.80597,1241.47816,993.92257,-1.11792, 0.00000, 0.00000,
 7.00000,3148.26578, 0.00000,13995.57224,-0.00000,-20.14024,-0.00000,488.59811, 2.11427, 0.00000,-0.00000,-9.69115,-0.00000, 0.00260,-0.00000, 0.45034, 0.46078,184.79172,1242.39494,994.50092,-1.11792, 0.00000, 0.00000,
 7.10000,3193.50917, 0.00000,13976.96889,-0.00000,-21.09056,-0.00000,489.78139, 1.36542, 0.00000,-0.00000,-9.30211,-0.00000,-0.00367,-0.00000, 0.33276, 0.46187,185.79939,1243.32152,995.02422,-1.11792, 0.00000, 0.00000,
 7.20000,3238.79003, 0.00000,13958.14449,-0.00000,-21.99835,-0.00000,490.97891, 0.69965, 0.00000,-0.00000,-8.84371,-0.00000,-0.00937,-0.00000, 0.22896, 0.46296,186.82253,1244.25967,995.49773,-1.11792, 0.00000, 0.00000,
 7.30000,3284.09577, 0.00000,13939.06816,-0.00000,-22.85755,-0.00000,492.18456, 0.11753, 0.00000,-0.00000,-8.33278,-0.00000,-0.01449,-0.00000, 0.13899, 0.46406,187.85678,1245.21096,995.92618,-1.11792, 0.00000, 0.00000,
 7.40000,3329.41472, 0.00000,13919.71325,-0.00000,-23.66446,-0.00000,493.39931,-0.38188, 0.00000,-0.00000,-7.81438,-0.00000,-0.01544,-0.00000, 0.05712, 0.46517,188.90314,1246.17674,996.31385,-1.11792, 0.00000, 0.00000,
 7.50000,3374.73658, 0.00000,13900.05575,-0.00000,-24.42239,-0.00000,494.63056,-0.80521, 0.00000,-0.00000,-7.35317,-0.00000,-0.01538,-0.00000,-0.01412, 0.46630,189.96753,1247.15823,996.66464,-1.11792, 0.00000, 0.00000,
 7.60000,3420.05212, 0.00000,13880.07470,-0.00000,-25.13668,-0.00000,495.87654,-1.16219, 0.00000,-0.00000,-6.93973,-0.00000,-0.01539,-0.00000,-0.07461, 0.46744,191.04888,1248.15652,996.98204,-1.11792, 0.00000, 0.00000,
 7.70000,3465.35307, 0.00000,13859.75252,-0.00000,-25.81163,-0.00000,497.13632,-1.46109, 0.00000,-0.00000,-6.56496,-0.00000,-0.01546,-0.00000,-0.12552, 0.46859,192.14672,1249.17251,997.26924,-1.11792, 0.00000, 0.00000,
 7.80000,3510.63202,-0.00000,13839.07464,-0.00000,-26.45073,-0.00000,498.40975,-1.70893, 0.00000,-0.00000,-6.22194,-0.00000,-0.01558,-0.00000,-0.16788, 0.46975,193.26117,1250.20697,997.52910,-1.11792, 0.00000, 0.00000,
 7.90000,3555.88251,-0.00000,13818.02908,-0.00000,-27.05689,-0.00000,499.69723,-1.91174, 0.00000,-0.00000,-5.90536,-0.00000,-0.01575,-0.00000,-0.20260, 0.47093,194.39277,1251.26053,997.76424,-1.11792, 0.00000, 0.00000,
 8.00000,3601.09890,-0.00000,13796.60621,-0.00000,-27.63255,-0.00000,500.99948,-2.07472, 0.00000,-0.00000,-5.61114,-0.00000,-0.01596,-0.00000,-0.23045, 0.47211,195.54227,1252.33371,997.97700,-1.11792, 0.00000, 0.00000,
 8.10000,3646.27642,-0.00000,13774.79845,-0.00000,-28.17976,-0.00000,502.31736,-2.20244, 0.00000,-0.00000,-5.33616,-0.00000,-0.01620,-0.00000,-0.25214, 0.47332,196.71057,1253.42694,998.16951,-1.11792, 0.00000, 0.00000,
 8.20000,3691.41109,-0.00000,13752.60003,-0.00000,-28.70034,-0.00000,503.65180,-2.29892, 0.00000,-0.00000,-5.07804,-0.00000,-0.01648,-0.00000,-0.26830, 0.47453,197.89861,1254.54053,998.34371,-1.11792, 0.00000, 0.00000,
 8.30000,3736.49973,-0.00000,13730.00682,-0.00000,-29.19587,-0.00000,505.00372,-2.36773, 0.00000,-0.00000,-4.83493,-0.00000,-0.01679,-0.00000,-0.27948, 0.47576,199.10732,1255.67476,998.50132,-1.11792, 0.00000, 0.00000,
 8.40000,3781.53984,-0.00000,13707.01611,-0.00000,-29.66778,-0.00000,506.37396,-2.41207, 0.00000,-0.00000,-4.60546,-0.00000,-0.01712,-0.00000,-0.28619, 0.47701,200.33758,1256.82978,998.64394,-1.11792, 0.00000, 0.00000,
 8.50000,3826.52965,-0.00000,13683.62648,-0.00000,-30.11738,-0.00000,507.76325,-2.43482, 0.00000,-0.00000,-4.38858,-0.00000,-0.01748,-0.00000,-0.28892, 0.47828,201.59017,1258.00572,998.77299,-1.11792, 0.00000, 0.00000,
 8.60000,3871.46799,-0.00000,13659.83760,-0.00000,-30.54589,-0.00000,509.17218,-2.43858, 0.00000,-0.00000,-4.18353,-0.00000,-0.01787,-0.00000,-0.28807, 0.47956,202.86580,1259.20265,998.88975,-1.11792, 0.00000, 0.00000,
 8.70000,3916.35433,-0.00000,13635.65016,-0.00000,-30.95446,-0.00000,510.60122,-2.42573, 0.00000,-0.00000,-3.98973,-0.00000,-0.01827,-0.00000,-0.28406, 0.48086,204.16503,1260.42057,998.99541,-1.11792, 0.00000, 0.00000,
 8.80000,3961.18865,-0.00000,13611.06568,-0.00000,-31.34420,-0.00000,512.05066,-2.39846, 0.00000,-0.00000,-3.80678,-0.00000,-0.01870,-0.00000,-0.27726, 0.48218,205.48834,1261.65945,999.09101,-1.11792, 0.00000, 0.00000,
 8.90000,4005.97147,-0.00000,13586.08647,-0.00000,-31.71617,-0.00000,513.52067,-2.35876, 0.00000,-0.00000,-3.63436,-0.00000,-0.01915,-0.00000,-0.26801, 0.48352,206.83607,1262.91923,999.17751,-1.11792, 0.00000, 0.00000,
 9.00000,4050.70376,-0.00000,13560.71544,-0.00000,-32.07141,-0.00000,515.01127,-2.30848, 0.00000,-0.00000,-3.47225,-0.00000,-0.01961,-0.00000,-0.25663, 0.48487,208.20847,1264.19981,999.25578,-1.11792, 0.00000, 0.00000,
 9.10000,4095.38689,-0.00000,13534.95610,-0.00000,-32.41096,-0.00000,516.52233,-2.24931, 0.00000,-0.00000,-3.32026,-0.00000,-0.02009,-0.00000,-0.24342, 0.48625,209.60566,1265.50105,999.32660,-1.11792, 0.00000, 0.00000,
 9.20000,4140.02261,-0.00000,13508.81240,-0.00000,-32.73580,-0.00000,518.05364,-2.18283, 0.00000,-0.00000,-3.17824,-0.00000,-0.02058,-0.00000,-0.22869, 0.48764,211.02768,1266.82282,999.39068,-1.11792, 0.00000, 0.00000,
 9.30000,4184.61300,-0.00000,13482.28867,-0.00000,-33.04693,-0.00000,519.60484,-2.11048, 0.00000,-0.00000,-3.04604,-0.00000,-0.02109,-0.00000,-0.21268, 0.48905,212.47446,1268.16493,999.44867,-1.11792, 0.00000, 0.00000,
 9.40000,4229.16040,-0.00000,13455.38956,-0.00000,-33.34533,-0.00000,521.17550,-2.03360, 0.00000,-0.00000,-2.92350,-0.00000,-0.02161,-0.00000,-0.19566, 0.49048,213.94587,1269.52721,999.50113,-1.11792, 0.00000, 0.00000,
 9.50000,4273.66740,-0.00000,13428.11997,-0.00000,-33.63195,-0.00000,522.76512,-1.95341, 0.00000,-0.00000,-2.81044,-0.00000,-0.02215,-0.00000,-0.17785, 0.49192,215.44170,1270.90946,999.54861,-1.11792, 0.00000, 0.00000,
 9.60000,4318.13680,-0.00000,13400.48494,-0.00000,-33.90773,-0.00000,524.37311,-1.87103, 0.00000,-0.00000,-2.70664,-0.00000,-0.02269,-0.00000,-0.15948, 0.49338,216.96170,1272.31146,999.59156,-1.11792, 0.00000, 0.00000,
 9.70000,4362.57152,-0.00000,13372.48967,-0.00000,-34.17358,-0.00000,525.99887,-1.78748, 0.00000,-0.00000,-2.61187,-0.00000,-0.02325,-0.00000,-0.14075, 0.49486,218.50555,1273.73301,999.63043,-1.11792, 0.00000, 0.00000,
 9.80000,4406.97462,-0.00000,13344.13940,-0.00000,-34.43039,-0.00000,527.64173,-1.70369, 0.00000,-0.00000,-2.52584,-0.00000,-0.02381,-0.00000,-0.12185, 0.49635,220.07292,1275.17389,999.66560,-1.11792, 0.00000, 0.00000,
 9.90000,4451.34924,-0.00000,13315.43937,-0.00000,-34.67903,-0.00000,529.30102,-1.62047, 0.00000,-0.00000,-2.44825,-0.00000,-0.02439,-0.00000,-0.10295, 0.49785,221.66344,1276.63388,999.69742,-1.11792, 0.00000, 0.00000,
10.00000,4495.69855,-0.00000,13286.39483,-0.00000,-34.92031,-0.00000,530.97605,-1.53857, 0.00000,-0.00000,-2.37874,-0.00000,-0.02497,-0.00000,-0.08421, 0.49937,223.27673,1278.11277,999.72622,-1.11792, 0.00000, 0.00000,
10.10000,4540.02578,-0.00000,13257.01092,-0.00000,-35.15503,-0.00000,532.66614,-1.45863, 0.00000,-0.00000,-2.31694,-0.00000,-0.02556,-0.00000,-0.06576, 0.50090,224.91240,1279.61035,999.75227,-1.11792, 0.00000, 0.00000,
10.20000,4584.33409,-0.00000,13227.29270,-0.00000,-35.38394,-0.00000,534.37060,-1.38122, 0.00000,-0.00000,-2.26243,-0.00000,-0.02616,-0.00000,-0.04774, 0.50245,226.57006,1281.12639,999.77585,-1.11792, 0.00000, 0.00000,
10.30000,4628.62664,-0.00000,13197.24507,-0.00000,-35.60775,-0.00000,536.08879,-1.30680, 0.00000,-0.00000,-2.21479,-0.00000,-0.02676,-0.00000,-0.03025, 0.50401,228.24934,1282.66072,999.79718,-1.11792, 0.00000, 0.00000,
10.40000,4672.90651,-0.00000,13166.87279,-0.00000,-35.82711,-0.00000,537.82005,-1.23578, 0.00000,-0.00000,-2.17357,-0.00000,-0.02737,-0.00000,-0.01339, 0.50557,229.94987,1284.21312,999.81648,-1.11792, 0.00000, 0.00000,
10.50000,4717.17671,-0.00000,13136.18041,-0.00000,-36.04266,-0.00000,539.56379,-1.16850, 0.00000,-0.00000,-2.13831,-0.00000,-0.02799,-0.00000, 0.00275, 0.50715,231.67131,1285.78343,999.83394,-1.11792, 0.00000, 0.00000,
10.60000,4761.44015,-0.00000,13105.17228,-0.00000,-36.25496,-0.00000,541.31942,-1.10520, 0.00000,-0.00000,-2.10855,-0.00000,-0.02861,-0.00000, 0.01812, 0.50874,233.41332,1287.37145,999.84974,-1.11792, 0.00000, 0.00000,
10.70000,4805.69959,-0.00000,13073.85254,-0.00000,-36.46454,-0.00000,543.08641,-1.04608, 0.00000,-0.00000,-2.08383,-0.00000,-0.02924,-0.00000, 0.03264, 0.51034,235.17562,1288.97704,999.86404,-1.11792, 0.00000, 0.00000,
10.80000,4849.95770,-0.00000,13042.22508,-0.00000,-36.67188,-0.00000,544.86424,-0.99128, 0.00000,-0.00000,-2.06368,-0.00000,-0.02987,-0.00000, 0.04629, 0.51195,236.95791,1290.60004,999.87698,-1.11792, 0.00000, 0.00000,
10.90000,4894.21699,-0.00000,13010.29354,-0.00000,-36.87741,-0.00000,546.65246,-0.94087, 0.00000,-0.00000,-2.04766,-0.00000,-0.03050,-0.00000, 0.05902, 0.51357,238.75996,1292.24032,999.88869,-1.11792, 0.00000, 0.00000,
11.00000,4938.47981,-0.00000,12978.06132,-0.00000,-37.08153,-0.00000,548.45061,-0.89488, 0.00000,-0.00000,-2.03534,-0.00000,-0.03114,-0.00000, 0.07083, 0.51519,240.58154,1293.89774,999.89928,-1.11792, 0.00000, 0.00000,
11.10000,4982.74836,-0.00000,12945.53156,-0.00000,-37.28459,-0.00000,550.25831,-0.85330, 0.00000,-0.00000,-2.02630,-0.00000,-0.03178,-0.00000, 0.08168, 0.51682,242.42247,1295.57220,999.90887,-1.11792, 0.00000, 0.00000,
11.20000,5027.02468,-0.00000,12912.70714,-0.00000,-37.48689,-0.00000,552.07519,-0.81607, 0.00000,-0.00000,-2.02013,-0.00000,-0.03243,-0.00000, 0.09159, 0.51846,244.28257,1297.26359,999.91754,-1.11792, 0.00000, 0.00000,
11.30000,5071.31064,-0.00000,12879.59069,-0.00000,-37.68870,-0.00000,553.90092,-0.78311, 0.00000,-0.00000,-2.01648,-0.00000,-0.03308,-0.00000, 0.10056, 0.52011,246.16172,1298.97184,999.92539,-1.11792, 0.00000, 0.00000,
11.40000,5115.60795,-0.00000,12846.18459,-0.00000,-37.89026,-0.00000,555.73519,-0.75430, 0.00000,-0.00000,-2.01498,-0.00000,-0.03373,-0.00000, 0.10859, 0.52177,248.05978,1300.69686,999.93249,-1.11792, 0.00000, 0.00000,
11.50000,5159.91813,-0.00000,12812.49097,-0.00000,-38.09176,-0.00000,557.57773,-0.72951, 0.00000,-0.00000,-2.01532,-0.00000,-0.03439,-0.00000, 0.11572, 0.52343,249.97669,1302.43859,999.93891,-1.11792, 0.00000, 0.00000,
11.60000,5204.24256,-0.00000,12778.51171,-0.00000,-38.29337,-0.00000,559.42830,-0.70855, 0.00000,-0.00000,-2.01719,-0.00000,-0.03505,-0.00000, 0.12195, 0.52510,251.91235,1304.19700,999.94472,-1.11792, 0.00000, 0.00000,
11.70000,5248.58245,-0.00000,12744.24848,-0.00000,-38.49524,-0.00000,561.28665,-0.69127, 0.00000,-0.00000,-2.02033,-0.00000,-0.03571,-0.00000, 0.12733, 0.52677,253.86673,1305.97203,999.94998,-1.11792, 0.00000, 0.00000,
11.80000,5292.93882,-0.00000,12709.70271,-0.00000,-38.69747,-0.00000,563.15260,-0.67748, 0.00000,-0.00000,-2.02448,-0.00000,-0.03638,-0.00000, 0.13188, 0.52845,255.83981,1307.76367,999.95474,-1.11792, 0.00000, 0.00000,
11.90000,5337.31258,-0.00000,12674.87562,-0.00000,-38.90016,-0.00000,565.02596,-0.66696, 0.00000,-0.00000,-2.02942,-0.00000,-0.03705,-0.00000, 0.13564, 0.53014,257.83155,1309.57191,999.95905,-1.11792, 0.00000, 0.00000,
12.00000,5381.70444,-0.00000,12639.76821,-0.00000,-39.10337,-0.00000,566.90656,-0.65952, 0.00000,-0.00000,-2.03495,-0.00000,-0.03773,-0.00000, 0.13864, 0.53183,259.84197,1311.39673,999.96295,-1.11792, 0.00000, 0.00000,
12.10000,5426.11501,-0.00000,12604.38133,-0.00000,-39.30716,-0.00000,568.79424,-0.65496, 0.00000,-0.00000,-2.04091,-0.00000,-0.03841,-0.00000, 0.14093, 0.53353,261.87109,1313.23816,999.96647,-1.11792, 0.00000, 0.00000,
12.20000,5470.54474,-0.00000,12568.71560,-0.00000,-39.51156,-0.00000,570.68887,-0.65306, 0.00000,-0.00000,-2.04713,-0.00000,-0.03909,-0.00000, 0.14254, 0.53523,263.91894,1315.09620,999.96966,-1.11792, 0.00000, 0.00000,
12.30000,5514.99392,-0.00000,12532.77150,-0.00000,-39.71659,-0.00000,572.59031,-0.65361, 0.00000,-0.00000,-2.05347,-0.00000,-0.03978,-0.00000, 0.14351, 0.53694,265.98554,1316.97088,999.97255,-1.11792, 0.00000, 0.00000,
12.40000,5559.46275,-0.00000,12496.54934,-0.00000,-39.92226,-0.00000,574.49846,-0.65643, 0.00000,-0.00000,-2.05984,-0.00000,-0.04047,-0.00000, 0.14390, 0.53866,268.07097,1318.86225,999.97516,-1.11792, 0.00000, 0.00000,
12.50000,5603.95130,-0.00000,12460.04930,-0.00000,-40.12856,-0.00000,576.41319,-0.66130, 0.00000,-0.00000,-2.06611,-0.00000,-0.04117,-0.00000, 0.14373, 0.54038,270.17527,1320.77034,999.97753,-1.11792, 0.00000, 0.00000,
12.60000,5648.45952,-0.00000,12423.27140,-0.00000,-40.33548,-0.00000,578.33442,-0.66803, 0.00000,-0.00000,-2.07222,-0.00000,-0.04187,-0.00000, 0.14305, 0.54210,272.29851,1322.69520,999.97967,-1.11792, 0.00000, 0.00000,
12.70000,5692.98726,-0.00000,12386.21555,-0.00000,-40.54299,-0.00000,580.26204,-0.67645, 0.00000,-0.00000,-2.07810,-0.00000,-0.04257,-0.00000, 0.14189, 0.54383,274.44078,1324.63689,999.98160,-1.11792, 0.00000, 0.00000,
12.80000,5737.53425,-0.00000,12348.88154,-0.00000,-40.75108,-0.00000,582.19597,-0.68638, 0.00000,-0.00000,-2.08368,-0.00000,-0.04328,-0.00000, 0.14030, 0.54556,276.60214,1326.59548,999.98335,-1.11792, 0.00000, 0.00000,
12.90000,5782.10015,-0.00000,12311.26908,-0.00000,-40.95972,-0.00000,584.13613,-0.69765, 0.00000,-0.00000,-2.08893,-0.00000,-0.04399,-0.00000, 0.13831, 0.54730,278.78269,1328.57103,999.98494,-1.11792, 0.00000, 0.00000,
13.00000,5826.68452,-0.00000,12273.37775,-0.00000,-41.16886,-0.00000,586.08242,-0.71011, 0.00000,-0.00000,-2.09381,-0.00000,-0.04471,-0.00000, 0.13596, 0.54905,280.98252,1330.56363,999.98637,-1.11792, 0.00000, 0.00000,
13.10000,5871.28686,-0.00000,12235.20708,-0.00000,-41.37847,-0.00000,588.03478,-0.72360, 0.00000,-0.00000,-2.09830,-0.00000,-0.04544,-0.00000, 0.13328, 0.55079,283.20173,1332.57335,999.98767,-1.11792, 0.00000, 0.00000,
13.20000,5915.90656,-0.00000,12196.75650,-0.00000,-41.58851,-0.00000,589.99314,-0.73798, 0.00000,-0.00000,-2.10238,-0.00000,-0.04617,-0.00000, 0.13030, 0.55255,285.44041,1334.60028,999.98884,-1.11792, 0.00000, 0.00000,
13.30000,5960.54298,-0.00000,12158.02539,-0.00000,-41.79893,-0.00000,591.95742,-0.75314, 0.00000,-0.00000,-2.10605,-0.00000,-0.04690,-0.00000, 0.12706, 0.55430,287.69867,1336.64451,999.98990,-1.11792, 0.00000, 0.00000,
13.40000,6005.19539,-0.00000,12119.01307,-0.00000,-42.00970,-0.00000,593.92756,-0.76894, 0.00000,-0.00000,-2.10929,-0.00000,-0.04765,-0.00000, 0.12358, 0.55606,289.97662,1338.70613,999.99086,-1.11792, 0.00000, 0.00000,
13.50000,6049.86302,-0.00000,12079.71881,-0.00000,-42.22077,-0.00000,595.90349,-0.78529, 0.00000,-0.00000,-2.11212,-0.00000,-0.04839,-0.00000, 0.11989, 0.55783,292.27437,1340.78523,999.99173,-1.11792, 0.00000, 0.00000,
13.60000,6094.54504,-0.00000,12040.14184,-0.00000,-42.43211,-0.00000,597.88514,-0.80207, 0.00000,-0.00000,-2.11453,-0.00000,-0.04914,-0.00000, 0.11601, 0.55960,294.59203,1342.88192,999.99252,-1.11792, 0.00000, 0.00000,
13.70000,6139.24056,-0.00000,12000.28134,-0.00000,-42.64367,-0.00000,599.87247,-0.81920, 0.00000,-0.00000,-2.11654,-0.00000,-0.04990,-0.00000, 0.11197, 0.56137,296.92971,1344.99631,999.99323,-1.11792, 0.00000, 0.00000,
13.80000,6183.94868,-0.00000,11960.13648,-0.00000,-42.85541,-0.00000,601.86539,-0.83660, 0.00000,-0.00000,-2.11816,-0.00000,-0.05067,-0.00000, 0.10779, 0.56315,299.28753,1347.12848,999.99388,-1.11792, 0.00000, 0.00000,
13.90000,6228.66843,-0.00000,11919.70638,-0.00000,-43.06729,-0.00000,603.86386,-0.85419, 0.00000,-0.00000,-2.11940,-0.00000,-0.05144,-0.00000, 0.10348, 0.56494,301.66562,1349.27856,999.99446,-1.11792, 0.00000, 0.00000,
14.00000,6273.39882,-0.00000,11878.99017,-0.00000,-43.27927,-0.00000,605.86781,-0.87190, 0.00000,-0.00000,-2.12029,-0.00000,-0.05222,-0.00000, 0.09907, 0.56672,304.06409,1351.44664,999.99499,-1.11792, 0.00000, 0.00000,
14.10000,6318.13883,-0.00000,11837.98694,-0.00000,-43.49133,-0.00000,607.87720,-0.88967, 0.00000,-0.00000,-2.12084,-0.00000,-0.05300,-0.00000, 0.09457, 0.56851,306.48306,1353.63284,999.99546,-1.11792, 0.00000, 0.00000,
14.20000,6362.88741,-0.00000,11796.69578,-0.00000,-43.70343,-0.00000,609.89194,-0.90746, 0.00000,-0.00000,-2.12106,-0.00000,-0.05379,-0.00000, 0.08999, 0.57031,308.92266,1355.83727,999.99589,-1.11792, 0.00000, 0.00000,
14.30000,6407.64348,-0.00000,11755.11577,-0.00000,-43.91554,-0.00000,611.91201,-0.92520, 0.00000,-0.00000,-2.12099,-0.00000,-0.05459,-0.00000, 0.08536, 0.57210,311.38301,1358.06004,999.99629,-1.11792, 0.00000, 0.00000,
14.40000,6452.40594,-0.00000,11713.24598,-0.00000,-44.12762,-0.00000,613.93732,-0.94287, 0.00000,-0.00000,-2.12064,-0.00000,-0.05539,-0.00000, 0.08067, 0.57390,313.86425,1360.30127,999.99664,-1.11792, 0.00000, 0.00000,
14.50000,6497.17369,-0.00000,11671.08549,-0.00000,-44.33966,-0.00000,615.96784,-0.96043, 0.00000,-0.00000,-2.12004,-0.00000,-0.05620,-0.00000, 0.07594, 0.57571,316.36649,1362.56107,999.99696,-1.11792, 0.00000, 0.00000,
14.60000,6541.94558,-0.00000,11628.63338,-0.00000,-44.55162,-0.00000,618.00350,-0.97785, 0.00000,-0.00000,-2.11920,-0.00000,-0.05702,-0.00000, 0.07119, 0.57752,318.88986,1364.83955,999.99725,-1.11792, 0.00000, 0.00000,
14.70000,6586.72046,-0.00000,11585.88871,-0.00000,-44.76349,-0.00000,620.04424,-0.99509, 0.00000,-0.00000,-2.11814,-0.00000,-0.05784,-0.00000, 0.06641, 0.57933,321.43450,1367.13684,999.99751,-1.11792, 0.00000, 0.00000,
14.80000,6631.49718,-0.00000,11542.85058,-0.00000,-44.97524,-0.00000,622.09001,-1.01215, 0.00000,-0.00000,-2.11688,-0.00000,-0.05867,-0.00000, 0.06161, 0.58115,324.00054,1369.45304,999.99775,-1.11792, 0.00000, 0.00000,
14.90000,6676.27455,-0.00000,11499.51808,-0.00000,-45.18686,-0.00000,624.14076,-1.02900, 0.00000,-0.00000,-2.11545,-0.00000,-0.05951,-0.00000, 0.05681, 0.58297,326.58810,1371.78828,999.99796,-1.11792, 0.00000, 0.00000,
15.00000,6721.05139,-0.00000,11455.89030,-0.00000,-45.39833,-0.00000,626.19643,-1.04563, 0.00000,-0.00000,-2.11386,-0.00000,-0.06035,-0.00000, 0.05199, 0.58479,329.19731,1374.14267,999.99816,-1.11792, 0.00000, 0.00000,
15.10000,6765.82651,-0.00000,11411.96635,-0.00000,-45.60963,-0.00000,628.25696,-1.06202, 0.00000,-0.00000,-2.11213,-0.00000,-0.06120,-0.00000, 0.04718, 0.58661,331.82831,1376.51633,999.99833,-1.11792, 0.00000, 0.00000,
15.20000,6810.59870,-0.00000,11367.74535,-0.00000,-45.82075,-0.00000,630.32230,-1.07818, 0.00000,-0.00000,-2.11028,-0.00000,-0.06206,-0.00000, 0.04237, 0.58844,334.48124,1378.90937,999.99849,-1.11792, 0.00000, 0.00000,
15.30000,6855.36675,-0.00000,11323.22644,-0.00000,-46.03168,-0.00000,632.39239,-1.09408, 0.00000,-0.00000,-2.10831,-0.00000,-0.06293,-0.00000, 0.03756, 0.59028,337.15621,1381.32192,999.99863,-1.11792, 0.00000, 0.00000,
15.40000,6900.12944,-0.00000,11278.40874,-0.00000,-46.24241,-0.00000,634.46718,-1.10974, 0.00000,-0.00000,-2.10626,-0.00000,-0.06380,-0.00000, 0.03276, 0.59211,339.85338,1383.75410,999.99876,-1.11792, 0.00000, 0.00000,
15.50000,6944.88555,-0.00000,11233.29143,-0.00000,-46.45293,-0.00000,636.54660,-1.12514, 0.00000,-0.00000,-2.10413,-0.00000,-0.06468,-0.00000, 0.02797, 0.59395,342.57286,1386.20602,999.99888,-1.11792, 0.00000, 0.00000,
15.60000,6989.63384,-0.00000,11187.87366,-0.00000,-46.66323,-0.00000,638.63060,-1.14029, 0.00000,-0.00000,-2.10193,-0.00000,-0.06557,-0.00000, 0.02318, 0.59579,345.31479,1388.67780,999.99899,-1.11792, 0.00000, 0.00000,
15.70000,7034.37308,-0.00000,11142.15461,-0.00000,-46.87331,-0.00000,640.71913,-1.15519, 0.00000,-0.00000,-2.09968,-0.00000,-0.06647,-0.00000, 0.01841, 0.59763,348.07931,1391.16956,999.99908,-1.11792, 0.00000, 0.00000,
15.80000,7079.10202,-0.00000,11096.13348,-0.00000,-47.08316,-0.00000,642.81212,-1.16983, 0.00000,-0.00000,-2.09739,-0.00000,-0.06737,-0.00000, 0.01364, 0.59948,350.86655,1393.68142,999.99917,-1.11792, 0.00000, 0.00000,
15.90000,7123.81942,-0.00000,11049.80948,-0.00000,-47.29279,-0.00000,644.90952,-1.18423, 0.00000,-0.00000,-2.09506,-0.00000,-0.06828,-0.00000, 0.00889, 0.60133,353.67665,1396.21350,999.99925,-1.11792, 0.00000, 0.00000,
16.00000,7168.52401,-0.00000,11003.18182,-0.00000,-47.50218,-0.00000,647.01128,-1.19839, 0.00000,-0.00000,-2.09272,-0.00000,-0.06920,-0.00000, 0.00414, 0.60318,356.50973,1398.76592,999.99932,-1.11792, 0.00000, 0.00000,
16.10000,7213.21455,-0.00000,10956.24974,-0.00000,-47.71133,-0.00000,649.11732,-1.21230, 0.00000,-0.00000,-2.09036,-0.00000,-0.07012,-0.00000,-0.00060, 0.60504,359.36595,1401.33880,999.99939,-1.11792, 0.00000, 0.00000,
16.20000,7257.88977,-0.00000,10909.01247,-0.00000,-47.92025,-0.00000,651.22760,-1.22598, 0.00000,-0.00000,-2.08799,-0.00000,-0.07106,-0.00000,-0.00533, 0.60690,362.24542,1403.93225,999.99944,-1.11792, 0.00000, 0.00000,
16.30000,7302.54838,-0.00000,10861.46929,-0.00000,-48.12893,-0.00000,653.34205,-1.23943, 0.00000,-0.00000,-2.08563,-0.00000,-0.07200,-0.00000,-0.01006, 0.60876,365.14828,1406.54640,999.99950,-1.11792, 0.00000, 0.00000,
16.40000,7347.18913,-0.00000,10813.61946,-0.00000,-48.33737,-0.00000,655.46063,-1.25266, 0.00000,-0.00000,-2.08327,-0.00000,-0.07295,-0.00000,-0.01478, 0.61062,368.07468,1409.18137,999.99955,-1.11792, 0.00000, 0.00000,
16.50000,7391.81072,-0.00000,10765.46227,-0.00000,-48.54558,-0.00000,657.58325,-1.26567, 0.00000,-0.00000,-2.08093,-0.00000,-0.07391,-0.00000,-0.01949, 0.61249,371.02474,1411.83728,999.99959,-1.11792, 0.00000, 0.00000,
16.60000,7436.41187,-0.00000,10716.99700,-0.00000,-48.75356,-0.00000,659.70988,-1.27847, 0.00000,-0.00000,-2.07860,-0.00000,-0.07487,-0.00000,-0.02421, 0.61435,373.99860,1414.51425,999.99963,-1.11792, 0.00000, 0.00000,
16.70000,7480.99128,-0.00000,10668.22298,-0.00000,-48.96130,-0.00000,661.84044,-1.29106, 0.00000,-0.00000,-2.07629,-0.00000,-0.07584,-0.00000,-0.02892, 0.61622,376.99640,1417.21240,999.99966,-1.11792, 0.00000, 0.00000,
16.80000,7525.54765,-0.00000,10619.13951,-0.00000,-49.16882,-0.00000,663.97487,-1.30345, 0.00000,-0.00000,-2.07401,-0.00000,-0.07683,-0.00000,-0.03363, 0.61809,380.01827,1419.93185,999.99970,-1.11792, 0.00000, 0.00000,
16.90000,7570.07968,-0.00000,10569.74593,-0.00000,-49.37611,-0.00000,666.11312,-1.31565, 0.00000,-0.00000,-2.07176,-0.00000,-0.07781,-0.00000,-0.03834, 0.61997,383.06435,1422.67272,999.99972,-1.11792, 0.00000, 0.00000,
17.00000,7614.58603,-0.00000,10520.04158,-0.00000,-49.58317,-0.00000,668.25513,-1.32765, 0.00000,-0.00000,-2.06954,-0.00000,-0.07881,-0.00000,-0.04306, 0.62185,386.13478,1425.43514,999.99975,-1.11792, 0.00000, 0.00000,
17.10000,7659.06540,-0.00000,10470.02581,-0.00000,-49.79002,-0.00000,670.40083,-1.33948, 0.00000,-0.00000,-2.06735,-0.00000,-0.07982,-0.00000,-0.04778, 0.62372,389.22968,1428.21923,999.99977,-1.11792, 0.00000, 0.00000,
17.20000,7703.51645,-0.00000,10419.69799,-0.00000,-49.99664,-0.00000,672.55017,-1.35112, 0.00000,-0.00000,-2.06520,-0.00000,-0.08083,-0.00000,-0.05250, 0.62560,392.34920,1431.02510,999.99980,-1.11792, 0.00000, 0.00000,
17.30000,7747.93784,-0.00000,10369.05750,-0.00000,-50.20306,-0.00000,674.70307,-1.36259, 0.00000,-0.00000,-2.06309,-0.00000,-0.08185,-0.00000,-0.05723, 0.62749,395.49347,1433.85289,999.99982,-1.11792, 0.00000, 0.00000,
17.40000,7792.32823,-0.00000,10318.10371,-0.00000,-50.40926,-0.00000,676.85948,-1.37389, 0.00000,-0.00000,-2.06101,-0.00000,-0.08288,-0.00000,-0.06197, 0.62937,398.66263,1436.70271,999.99983,-1.11792, 0.00000, 0.00000,
17.50000,7836.68626,-0.00000,10266.83602,-0.00000,-50.61526,-0.00000,679.01934,-1.38503, 0.00000,-0.00000,-2.05897,-0.00000,-0.08392,-0.00000,-0.06672, 0.63126,401.85682,1439.57469,999.99985,-1.11792, 0.00000, 0.00000,
17.60000,7881.01056,-0.00000,10215.25384,-0.00000,-50.82106,-0.00000,681.18258,-1.39600, 0.00000,-0.00000,-2.05697,-0.00000,-0.08496,-0.00000,-0.07147, 0.63314,405.07617,1442.46895,999.99986,-1.11792, 0.00000, 0.00000,
17.70000,7925.29977,-0.00000,10163.35659,-0.00000,-51.02665,-0.00000,683.34915,-1.40682, 0.00000,-0.00000,-2.05501,-0.00000,-0.08602,-0.00000,-0.07624, 0.63503,408.32082,1445.38562,999.99988,-1.11792, 0.00000, 0.00000,
17.80000,7969.55250,-0.00000,10111.14368,-0.00000,-51.23206,-0.00000,685.51898,-1.41748, 0.00000,-0.00000,-2.05309,-0.00000,-0.08708,-0.00000,-0.08102, 0.63692,411.59091,1448.32483,999.99989,-1.11792, 0.00000, 0.00000,
17.90000,8013.76736,-0.00000,10058.61456,-0.00000,-51.43727,-0.00000,687.69200,-1.42800, 0.00000,-0.00000,-2.05121,-0.00000,-0.08815,-0.00000,-0.08581, 0.63881,414.88657,1451.28668,999.99990,-1.11792, 0.00000, 0.00000,
18.00000,8057.94295,-0.00000,10005.76866,-0.00000,-51.64230,-0.00000,689.86816,-1.43837, 0.00000,-0.00000,-2.04938,-0.00000,-0.08923,-0.00000,-0.09061, 0.64071,418.20794,1454.27132,999.99991,-1.11792, 0.00000, 0.00000,
18.10000,8102.07787,-0.00000,9952.60545,-0.00000,-51.84715,-0.00000,692.04738,-1.44860, 0.00000,-0.00000,-2.04758,-0.00000,-0.09032,-0.00000,-0.09542, 0.64260,421.55516,1457.27887,999.99992,-1.11792, 0.00000, 0.00000,
18.20000,8146.17070,-0.00000,9899.12438,-0.00000,-52.05182,-0.00000,694.22962,-1.45869, 0.00000,-0.00000,-2.04583,-0.00000,-0.09141,-0.00000,-0.10025, 0.64450,424.92836,1460.30946,999.99992,-1.11792, 0.00000, 0.00000,
18.30000,8190.22000,-0.00000,9845.32493,-0.00000,-52.25632,-0.00000,696.41480,-1.46864, 0.00000,-0.00000,-2.04411,-0.00000,-0.09252,-0.00000,-0.10510, 0.64640,428.32769,1463.36320,999.99993,-1.11792, 0.00000, 0.00000,
18.40000,8234.22434,-0.00000,9791.20658,-0.00000,-52.46064,-0.00000,698.60286,-1.47846, 0.00000,-0.00000,-2.04244,-0.00000,-0.09363,-0.00000,-0.10996, 0.64829,431.75328,1466.44023,999.99994,-1.11792, 0.00000, 0.00000,
18.50000,8278.18227,-0.00000,9736.76883,-0.00000,-52.66481,-0.00000,700.79374,-1.48814, 0.00000,-0.00000,-2.04080,-0.00000,-0.09475,-0.00000,-0.11483, 0.65019,435.20527,1469.54068,999.99994,-1.11792, 0.00000, 0.00000,
18.60000,8322.09233,-0.00000,9682.01116,-0.00000,-52.86881,-0.00000,702.98737,-1.49770, 0.00000,-0.00000,-2.03921,-0.00000,-0.09589,-0.00000,-0.11972, 0.65209,438.68380,1472.66467,999.99995,-1.11792, 0.00000, 0.00000,
18.70000,8365.95307,-0.00000,9626.93310,-0.00000,-53.07265,-0.00000,705.18369,-1.50712, 0.00000,-0.00000,-2.03765,-0.00000,-0.09703,-0.00000,-0.12463, 0.65400,442.18900,1475.81234,999.99995,-1.11792, 0.00000, 0.00000,
18.80000,8409.76299,-0.00000,9571.53417,-0.00000,-53.27634,-0.00000,707.38264,-1.51643, 0.00000,-0.00000,-2.03614,-0.00000,-0.09817,-0.00000,-0.12956, 0.65590,445.72102,1478.98381,999.99996,-1.11792, 0.00000, 0.00000,
18.90000,8453.52061,-0.00000,9515.81389,-0.00000,-53.47988,-0.00000,709.58415,-1.52561, 0.00000,-0.00000,-2.03466,-0.00000,-0.09933,-0.00000,-0.13450, 0.65780,449.27999,1482.17921,999.99996,-1.11792, 0.00000, 0.00000,
19.00000,8497.22443,-0.00000,9459.77179,-0.00000,-53.68327,-0.00000,711.78816,-1.53466, 0.00000,-0.00000,-2.03322,-0.00000,-0.10050,-0.00000,-0.13946, 0.65971,452.86605,1485.39867,999.99997,-1.11792, 0.00000, 0.00000,
19.10000,8540.87296,-0.00000,9403.40745,-0.00000,-53.88652,-0.00000,713.99460,-1.54360, 0.00000,-0.00000,-2.03182,-0.00000,-0.10167,-0.00000,-0.14443, 0.66161,456.47934,1488.64232,999.99997,-1.11792, 0.00000, 0.00000,
19.20000,8584.46466,-0.00000,9346.72039,-0.00000,-54.08964,-0.00000,716.20341,-1.55242, 0.00000,-0.00000,-2.03046,-0.00000,-0.10286,-0.00000,-0.14943, 0.66351,460.12000,1491.91029,999.99997,-1.11792, 0.00000, 0.00000,
19.30000,8627.99801,-0.00000,9289.71021,-0.00000,-54.29262,-0.00000,718.41452,-1.56112, 0.00000,-0.00000,-2.02914,-0.00000,-0.10405,-0.00000,-0.15444, 0.66542,463.78816,1495.20272,999.99997,-1.11792, 0.00000, 0.00000,
19.40000,8671.47147,-0.00000,9232.37646,-0.00000,-54.49547,-0.00000,720.62787,-1.56970, 0.00000,-0.00000,-2.02785,-0.00000,-0.10525,-0.00000,-0.15947, 0.66733,467.48397,1498.51974,999.99998,-1.11792, 0.00000, 0.00000,
19.50000,8714.88349,-0.00000,9174.71875,-0.00000,-54.69819,-0.00000,722.84341,-1.57818, 0.00000,-0.00000,-2.02661,-0.00000,-0.10646,-0.00000,-0.16452, 0.66923,471.20756,1501.86147,999.99998,-1.11792, 0.00000, 0.00000,
19.60000,8758.23252,-0.00000,9116.73666,-0.00000,-54.90079,-0.00000,725.06105,-1.58654, 0.00000,-0.00000,-2.02540,-0.00000,-0.10768,-0.00000,-0.16959, 0.67114,474.95908,1505.22805,999.99998,-1.11792, 0.00000, 0.00000,
19.70000,8801.51698,-0.00000,9058.42981,-0.00000,-55.10327,-0.00000,727.28073,-1.59478, 0.00000,-0.00000,-2.02423,-0.00000,-0.10891,-0.00000,-0.17468, 0.67305,478.73865,1508.61962,999.99998,-1.11792, 0.00000, 0.00000,
19.80000,8844.73530,-0.00000,8999.79780,-0.00000,-55.30563,-0.00000,729.50240,-1.60292, 0.00000,-0.00000,-2.02309,-0.00000,-0.11015,-0.00000,-0.17979, 0.67496,482.54643,1512.03630,999.99998,-1.11792, 0.00000, 0.00000,
19.90000,8887.88589,-0.00001,8940.84027,-0.00000,-55.50789,-0.00000,731.72599,-1.61095, 0.00000,-0.00000,-2.02200,-0.00000,-0.11140,-0.00000,-0.18491, 0.67686,486.38254,1515.47824,999.99999,-1.11792, 0.00000, 0.00000,
20.00000,8930.96715,-0.00001,8881.55685,-0.00000,-55.71004,-0.00000,733.95143,-1.61887, 0.00000,-0.00000,-2.02094,-0.00000,-0.11266,-0.00000,-0.19005, 0.67877,490.24714,1518.94556,999.99999,-1.11792, 0.00000, 0.00000,
20.10000,8973.97746,-0.00001,8821.94719,-0.00000,-55.91208,-0.00000,736.17865,-1.62669, 0.00000,-0.00000,-2.01991,-0.00000,-0.11393,-0.00000,-0.19522, 0.68068,494.14035,1522.43840,999.99999,-1.11792, 0.00000, 0.00000,
20.20000,9016.91521,-0.00001,8762.01095,-0.00000,-56.11402,-0.00000,738.40759,-1.63440, 0.00000,-0.00000,-2.01893,-0.00000,-0.11520,-0.00000,-0.20040, 0.68259,498.06231,1525.95689,999.99999,-1.11792, 0.00000, 0.00000,
20.30000,9059.77877,-0.00001,8701.74778,-0.00000,-56.31586,-0.00000,740.63819,-1.64201, 0.00000,-0.00000,-2.01798,-0.00000,-0.11649,-0.00000,-0.20560, 0.68449,502.01317,1529.50118,999.99999,-1.11792, 0.00000, 0.00000,
20.40000,9102.56650,-0.00001,8641.15738,-0.00000,-56.51762,-0.00000,742.87038,-1.64951, 0.00000,-0.00000,-2.01707,-0.00000,-0.11778,-0.00000,-0.21082, 0.68640,505.99305,1533.07140,999.99999,-1.11792, 0.00000, 0.00000,
20.50000,9145.27675,-0.00001,8580.23942,-0.00000,-56.71928,-0.00000,745.10410,-1.65692, 0.00000,-0.00000,-2.01620,-0.00000,-0.11909,-0.00000,-0.21606, 0.68831,510.00211,1536.66768,999.99999,-1.11792, 0.00000, 0.00000,
20.60000,9187.90786,-0.00001,8518.99361,-0.00000,-56.92086,-0.00000,747.33927,-1.66422, 0.00000,-0.00000,-2.01536,-0.00000,-0.12040,-0.00000,-0.22132, 0.69021,514.04047,1540.29016,999.99999,-1.11792, 0.00000, 0.00000,
20.70000,9230.45816,-0.00001,8457.41965,-0.00000,-57.12235,-0.00000,749.57584,-1.67142, 0.00000,-0.00000,-2.01457,-0.00000,-0.12173,-0.00000,-0.22660, 0.69212,518.10828,1543.93898,999.99999,-1.11792, 0.00000, 0.00000,
20.80000,9272.92596,-0.00001,8395.51727,-0.00000,-57.32377,-0.00000,751.81373,-1.67853, 0.00000,-0.00000,-2.01381,-0.00000,-0.12306,-0.00000,-0.23190, 0.69403,522.20568,1547.61428,999.99999,-1.11792, 0.00000, 0.00000,
20.90000,9315.30959,-0.00001,8333.28619,-0.00000,-57.52512,-0.00000,754.05288,-1.68554, 0.00000,-0.00000,-2.01308,-0.00000,-0.12440,-0.00000,-0.23722, 0.69593,526.33279,1551.31620,999.99999,-1.11792, 0.00000, 0.00000,
21.00000,9357.60734,-0.00001,8270.72616,-0.00000,-57.72639,-0.00000,756.29324,-1.69245, 0.00000,-0.00000,-2.01240,-0.00000,-0.12576,-0.00000,-0.24256, 0.69784,530.48976,1555.04486,1000.00000,-1.11792, 0.00000, 0.00000,
21.10000,9399.81749,-0.00001,8207.83693,-0.00000,-57.92760, 0.00000,758.53472,-1.69927, 0.00000,-0.00000,-2.01175,-0.00000,-0.12712,-0.00000,-0.24792, 0.69974,534.67672,1558.80042,1000.00000,-1.11792, 0.00000, 0.00000,
21.20000,9441.93834,-0.00001,8144.61827,-0.00000,-58.12874, 0.00000,760.77726,-1.70600, 0.00000,-0.00000,-2.01114,-0.00000,-0.12849,-0.00000,-0.25330, 0.70164,538.89381,1562.58302,1000.00000,-1.11792, 0.00000, 0.00000,
21.30000,9483.96815,-0.00001,8081.06994,-0.00000,-58.32983, 0.00000,763.02080,-1.71263, 0.00000,-0.00000,-2.01057,-0.00000,-0.12988,-0.00000,-0.25870, 0.70355,543.14117,1566.39278,1000.00000,-1.11792, 0.00000, 0.00000,
21.40000,9525.90518,-0.00001,8017.19174,-0.00000,-58.53086, 0.00000,765.26527,-1.71918, 0.00000,-0.00000,-2.01003,-0.00000,-0.13127,-0.00000,-0.26412, 0.70545,547.41894,1570.22986,1000.00000,-1.11792, 0.00000, 0.00000,
21.50000,9567.74768,-0.00001,7952.98346,-0.00000,-58.73183, 0.00000,767.51061,-1.72563, 0.00000,-0.00000,-2.00953,-0.00000,-0.13267,-0.00000,-0.26956, 0.70735,551.72724,1574.09439,1000.00000,-1.11792, 0.00000, 0.00000,
21.60000,9609.49389,-0.00001,7888.44491,-0.00000,-58.93276, 0.00000,769.75674,-1.73199, 0.00000,-0.00000,-2.00907,-0.00000,-0.13409,-0.00000,-0.27502, 0.70925,556.06622,1577.98652,1000.00000,-1.11792, 0.00000, 0.00000,
21.70000,9651.14205,-0.00001,7823.57591,-0.00000,-59.13365, 0.00000,772.00360,-1.73827, 0.00000,-0.00000,-2.00865,-0.00000,-0.13551,-0.00000,-0.28050, 0.71115,560.43600,1581.90638,1000.00000,-1.11792, 0.00000, 0.00000,
21.80000,9692.69037,-0.00001,7758.37630,-0.00000,-59.33450, 0.00000,774.25113,-1.74445, 0.00000,-0.00000,-2.00827,-0.00000,-0.13694,-0.00000,-0.28600, 0.71304,564.83672,1585.85412,1000.00000,-1.11792, 0.00000, 0.00000,
21.90000,9734.13707,-0.00001,7692.84592,-0.00000,-59.53530, 0.00000,776.49925,-1.75056, 0.00000,-0.00000,-2.00792,-0.00000,-0.13839,-0.00000,-0.29152, 0.71494,569.26853,1589.82987,1000.00000,-1.11792, 0.00000, 0.00000,
22.00000,9775.48035,-0.00001,7626.98461,-0.00000,-59.73608, 0.00000,778.74790,-1.75657, 0.00000,-0.00000,-2.00761,-0.00000,-0.13984,-0.00000,-0.29707, 0.71684,573.73154,1593.83379,1000.00000,-1.11792, 0.00000, 0.00000,
22.10000,9816.71840,-0.00001,7560.79226,-0.00000,-59.93683, 0.00000,780.99701,-1.76250, 0.00000,-0.00000,-2.00734,-0.00000,-0.14130,-0.00000,-0.30263, 0.71873,578.22589,1597.86602,1000.00000,-1.11792, 0.00000, 0.00000,
22.20000,9857.84941,-0.00001,7494.26874,-0.00000,-60.13755, 0.00000,783.24652,-1.76835, 0.00000,-0.00000,-2.00711,-0.00000,-0.14278,-0.00000,-0.30822, 0.72062,582.75172,1601.92669,1000.00000,-1.11792, 0.00000, 0.00000,
22.30000,9898.87154,-0.00001,7427.41395,-0.00000,-60.33825, 0.00000,785.49636,-1.77412, 0.00000,-0.00000,-2.00691,-0.00000,-0.14426,-0.00000,-0.31382, 0.72251,587.30915,1606.01595,1000.00000,-1.11792, 0.00000, 0.00000,
22.40000,9939.78296,-0.00001,7360.22778,-0.00000,-60.53893, 0.00000,787.74645,-1.77981, 0.00000,-0.00000,-2.00676,-0.00000,-0.14576,-0.00000,-0.31945, 0.72440,591.89833,1610.13395,1000.00000,-1.11792, 0.00000, 0.00000,
22.50000,9980.58183,-0.00001,7292.71015,-0.00000,-60.73960, 0.00000,789.99674,-1.78542, 0.00000,-0.00000,-2.00664,-0.00000,-0.14726,-0.00000,-0.32510, 0.72629,596.51937,1614.28083,1000.00000,-1.11792, 0.00000, 0.00000,
22.60000,10021.26628,-0.00001,7224.86099,-0.00000,-60.94026, 0.00000,792.24715,-1.79094, 0.00000,-0.00000,-2.00655,-0.00000,-0.14878,-0.00000,-0.33077, 0.72817,601.17240,1618.45673,1000.00000,-1.11792, 0.00000, 0.00000,
22.70000,10061.83446,-0.00001,7156.68024,-0.00000,-61.14092, 0.00000,794.49762,-1.79639, 0.00000,-0.00000,-2.00651,-0.00000,-0.15031,-0.00000,-0.33646, 0.73006,605.85757,1622.66180,1000.00000,-1.11792, 0.00000, 0.00000,
22.80000,10102.28449,-0.00001,7088.16786,-0.00000,-61.34157, 0.00000,796.74807,-1.80177, 0.00000,-0.00000,-2.00650,-0.00000,-0.15184,-0.00000,-0.34218, 0.73194,610.57499,1626.89619,1000.00000,-1.11792, 0.00000, 0.00000,
22.90000,10142.61448,-0.00001,7019.32381,-0.00000,-61.54222, 0.00000,798.99845,-1.80706, 0.00000,-0.00000,-2.00653,-0.00000,-0.15339,-0.00000,-0.34791, 0.73382,615.32479,1631.16003,1000.00000,-1.11792, 0.00000, 0.00000,
23.00000,10182.82254,-0.00001,6950.14807,-0.00000,-61.74287, 0.00000,801.24867,-1.81228, 0.00000,-0.00000,-2.00660,-0.00000,-0.15495,-0.00000,-0.35367, 0.73570,620.10711,1635.45348,1000.00000,-1.11792, 0.00000, 0.00000,
23.10000,10222.90678,-0.00001,6880.64064,-0.00000,-61.94354, 0.00000,803.49868,-1.81743, 0.00000,-0.00000,-2.00671,-0.00000,-0.15652,-0.00000,-0.35944, 0.73758,624.92205,1639.77668,1000.00000,-1.11792, 0.00000, 0.00000,
23.20000,10262.86526,-0.00001,6810.80151,-0.00000,-62.14422, 0.00000,805.74840,-1.82250, 0.00000,-0.00000,-2.00685,-0.00000,-0.15810,-0.00000,-0.36524, 0.73945,629.76976,1644.12977,1000.00000,-1.11792, 0.00000, 0.00000,
23.30000,10302.69609,-0.00001,6740.63071,-0.00000,-62.34491, 0.00000,807.99777,-1.82750, 0.00000,-0.00000,-2.00703,-0.00000,-0.15969,-0.00000,-0.37107, 0.74132,634.65036,1648.51291,1000.00000,-1.11792, 0.00000, 0.00000,
23.40000,10342.39731,-0.00001,6670.12826,-0.00000,-62.54562, 0.00000,810.24672,-1.83243, 0.00000,-0.00000,-2.00725,-0.00000,-0.16129,-0.00000,-0.37691, 0.74319,639.56396,1652.92623,1000.00000,-1.11792, 0.00000, 0.00000,
23.50000,10381.96701,-0.00001,6599.29422,-0.00000,-62.74636, 0.00000,812.49517,-1.83729, 0.00000,-0.00000,-2.00750,-0.00000,-0.16290,-0.00000,-0.38278, 0.74506,644.51070,1657.36990,1000.00000,-1.11792, 0.00000, 0.00000,
23.60000,10421.40321,-0.00001,6528.12863,-0.00000,-62.94713, 0.00000,814.74306,-1.84208, 0.00000,-0.00000,-2.00779,-0.00000,-0.16453,-0.00000,-0.38866, 0.74693,649.49068,1661.84404,1000.00000,-1.11792, 0.00000, 0.00000,
23.70000,10460.70398,-0.00001,6456.63158,-0.00000,-63.14792, 0.00000,816.99032,-1.84680, 0.00000,-0.00000,-2.00812,-0.00000,-0.16616,-0.00000,-0.39457, 0.74879,654.50404,1666.34882,1000.00000,-1.11792, 0.00000, 0.00000,
23.80000,10499.86733,-0.00001,6384.80314,-0.00000,-63.34875, 0.00000,819.23687,-1.85145, 0.00000,-0.00000,-2.00849,-0.00000,-0.16781,-0.00000,-0.40051, 0.75065,659.55089,1670.88437,1000.00000,-1.11792, 0.00000, 0.00000,
23.90000,10538.89130,-0.00001,6312.64341,-0.00000,-63.54962, 0.00000,821.48266,-1.85603, 0.00000,-0.00000,-2.00889,-0.00000,-0.16946,-0.00000,-0.40646, 0.75251,664.63136,1675.45085,1000.00000,-1.11792, 0.00000, 0.00000,
24.00000,10577.77390,-0.00001,6240.15251,-0.00000,-63.75053, 0.00000,823.72761,-1.86054, 0.00000,-0.00000,-2.00933,-0.00000,-0.17113,-0.00000,-0.41244, 0.75436,669.74555,1680.04841,1000.00000,-1.11792, 0.00000, 0.00000,
24.10000,10616.51313,-0.00001,6167.33057,-0.00000,-63.95149, 0.00000,825.97165,-1.86499, 0.00000,-0.00000,-2.00981,-0.00000,-0.17281,-0.00000,-0.41843, 0.75622,674.89358,1684.67718,1000.00000,-1.11792, 0.00000, 0.00000,
24.20000,10655.10699,-0.00001,6094.17772,-0.00000,-64.15249, 0.00000,828.21471,-1.86938, 0.00000,-0.00000,-2.01032,-0.00000,-0.17450,-0.00000,-0.42446, 0.75807,680.07558,1689.33733,1000.00000,-1.11792, 0.00000, 0.00000,
24.30000,10693.55348,-0.00001,6020.69411,-0.00000,-64.35355, 0.00000,830.45672,-1.87370, 0.00000,-0.00000,-2.01087,-0.00000,-0.17620,-0.00000,-0.43050, 0.75991,685.29165,1694.02899,1000.00000,-1.11792, 0.00000, 0.00000,
24.40000,10731.85056,-0.00001,5946.87993,-0.00000,-64.55467, 0.00000,832.69761,-1.87795, 0.00000,-0.00000,-2.01145,-0.00000,-0.17791,-0.00000,-0.43656, 0.76176,690.54190,1698.75232,1000.00000,-1.11792, 0.00000, 0.00000,
24.50000,10769.99621,-0.00001,5872.73534,-0.00000,-64.75584, 0.00000,834.93731,-1.88215, 0.00000,-0.00000,-2.01207,-0.00000,-0.17963,-0.00000,-0.44265, 0.76360,695.82645,1703.50747,1000.00000,-1.11792, 0.00000, 0.00000,
24.60000,10807.98840,-0.00001,5798.26056,-0.00000,-64.95708, 0.00000,837.17575,-1.88628, 0.00000,-0.00000,-2.01273,-0.00000,-0.18137,-0.00000,-0.44876, 0.76544,701.14540,1708.29458,1000.00000,-1.11792, 0.00000, 0.00000,
24.70000,10845.82508,-0.00001,5723.45578,-0.00000,-65.15839, 0.00000,839.41286,-1.89035, 0.00000,-0.00000,-2.01342,-0.00000,-0.18311,-0.00000,-0.45490, 0.76727,706.49887,1713.11380,1000.00000,-1.11792, 0.00000, 0.00000,
24.80000,10883.50418,-0.00001,5648.32124,-0.00000,-65.35977, 0.00000,841.64857,-1.89435, 0.00000,-0.00000,-2.01415,-0.00000,-0.18487,-0.00000,-0.46105, 0.76910,711.88695,1717.96528,1000.00000,-1.11792, 0.00000, 0.00000,
24.90000,10921.02366,-0.00001,5572.85718,-0.00000,-65.56122, 0.00000,843.88280,-1.89830, 0.00000,-0.00000,-2.01491,-0.00000,-0.18664,-0.00000,-0.46723, 0.77093,717.30977,1722.84918,1000.00000,-1.11792, 0.00000, 0.00000,
25.00000,10958.38143,-0.00001,5497.06386,-0.00000,-65.76275, 0.00000,846.11549,-1.90219, 0.00000,-0.00000,-2.01571,-0.00000,-0.18842,-0.00000,-0.47343, 0.77276,722.76741,1727.76563,1000.00000,-1.11792, 0.00000, 0.00000,
25.10000,10995.57542,-0.00001,5420.94155,-0.00000,-65.96436, 0.00000,848.34656,-1.90602, 0.00000,-0.00000,-2.01655,-0.00000,-0.19021,-0.00000,-0.47965, 0.77458,728.25999,1732.71479,1000.00000,-1.11792, 0.00000, 0.00000,
25.20000,11032.60354,-0.00001,5344.49054,-0.00000,-66.16606, 0.00000,850.57595,-1.90980, 0.00000,-0.00000,-2.01741,-0.00000,-0.19201,-0.00000,-0.48590, 0.77640,733.78760,1737.69681,1000.00000,-1.11792, 0.00000, 0.00000,
25.30000,11069.46370,-0.00001,5267.71112,-0.00000,-66.36785, 0.00000,852.80357,-1.91351, 0.00000,-0.00000,-2.01832,-0.00000,-0.19383,-0.00000,-0.49217, 0.77821,739.35034,1742.71183,1000.00000,-1.11792, 0.00000, 0.00000,
25.40000,11106.15378,-0.00001,5190.60362,-0.00000,-66.56973, 0.00000,855.02937,-1.91717, 0.00000,-0.00000,-2.01926,-0.00000,-0.19565,-0.00000,-0.49846, 0.78003,744.94831,1747.76001,1000.00000,-1.11792, 0.00000, 0.00000,
25.50000,11142.67168,-0.00001,5113.16837,-0.00000,-66.77170, 0.00000,857.25327,-1.92077, 0.00000,-0.00000,-2.02023,-0.00000,-0.19749,-0.00000,-0.50477, 0.78183,750.58160,1752.84150,1000.00000,-1.11792, 0.00000, 0.00000,
25.60000,11179.01528,-0.00001,5035.40572,-0.00000,-66.97377, 0.00000,859.47519,-1.92432, 0.00000,-0.00000,-2.02124,-0.00000,-0.19934,-0.00000,-0.51111, 0.78364,756.25031,1757.95644,1000.00000,-1.11792, 0.00000, 0.00000,
25.70000,11215.18245,-0.00001,4957.31603,-0.00000,-67.17595, 0.00000,861.69507,-1.92781, 0.00000,-0.00000,-2.02228,-0.00000,-0.20120,-0.00000,-0.51747, 0.78544,761.95454,1763.10498,1000.00000,-1.11792, 0.00000, 0.00000,
25.80000,11251.17106,-0.00000,4878.89969,-0.00000,-67.37823, 0.00000,863.91282,-1.93125, 0.00000,-0.00000,-2.02336,-0.00000,-0.20307,-0.00000,-0.52385, 0.78723,767.69436,1768.28727,1000.00000,-1.11792, 0.00000, 0.00000,
25.90000,11286.97895,-0.00000,4800.15709,-0.00000,-67.58062, 0.00000,866.12839,-1.93463, 0.00000,-0.00000,-2.02447,-0.00000,-0.20496,-0.00000,-0.53026, 0.78903,773.46988,1773.50346,1000.00000,-1.11792, 0.00000, 0.00000,
26.00000,11322.60398,-0.00000,4721.08865,-0.00000,-67.78313, 0.00000,868.34170,-1.93796, 0.00000,-0.00000,-2.02561,-0.00000,-0.20685,-0.00000,-0.53668, 0.79082,779.28117,1778.75370,1000.00000,-1.11792, 0.00000, 0.00000,
26.10000,11358.04400,-0.00000,4641.69479,-0.00000,-67.98575, 0.00000,870.55267,-1.94124, 0.00000,-0.00000,-2.02679,-0.00000,-0.20876,-0.00000,-0.54313, 0.79260,785.12831,1784.03813,1000.00000,-1.11792, 0.00000, 0.00000,
26.20000,11393.29683,-0.00000,4561.97596,-0.00000,-68.18849, 0.00000,872.76123,-1.94447, 0.00000,-0.00000,-2.02800,-0.00000,-0.21068,-0.00000,-0.54960, 0.79438,791.01140,1789.35692,1000.00000,-1.11792, 0.00000, 0.00000,
26.30000,11428.36031,-0.00000,4481.93262,-0.00000,-68.39135, 0.00000,874.96730,-1.94765, 0.00000,-0.00000,-2.02924,-0.00000,-0.21261,-0.00000,-0.55610, 0.79616,796.93052,1794.71019,1000.00000,-1.11792, 0.00000, 0.00000,
26.40000,11463.23224,-0.00000,4401.56525,-0.00000,-68.59433, 0.00000,877.17083,-1.95078, 0.00000,-0.00000,-2.03052,-0.00000,-0.21456,-0.00000,-0.56261, 0.79793,802.88573,1800.09811,1000.00000,-1.11792, 0.00000, 0.00000,
26.50000,11497.91046,-0.00000,4320.87435,-0.00000,-68.79745, 0.00000,879.37173,-1.95385, 0.00000,-0.00000,-2.03183,-0.00000,-0.21651,-0.00000,-0.56915, 0.79970,808.87711,1805.52082,1000.00000,-1.11792, 0.00000, 0.00000,
26.60000,11532.39276,-0.00000,4239.86042,-0.00000,-69.00070, 0.00000,881.56992,-1.95688, 0.00000,-0.00000,-2.03317,-0.00000,-0.21848,-0.00000,-0.57571, 0.80146,814.90475,1810.97846,1000.00000,-1.11792, 0.00000, 0.00000,
26.70000,11566.67693,-0.00000,4158.52400,-0.00000,-69.20409, 0.00000,883.76534,-1.95986, 0.00000,-0.00000,-2.03454,-0.00000,-0.22046,-0.00000,-0.58230, 0.80322,820.96870,1816.47119,1000.00000,-1.11792, 0.00000, 0.00000,
26.80000,11600.76078,-0.00000,4076.86564,-0.00000,-69.40761, 0.00000,885.95792,-1.96279, 0.00000,-0.00000,-2.03595,-0.00000,-0.22245,-0.00000,-0.58891, 0.80498,827.06905,1821.99915,1000.00000,-1.11792, 0.00000, 0.00000,
26.90000,11634.64209,-0.00000,3994.88589,-0.00000,-69.61128, 0.00000,888.14757,-1.96567, 0.00000,-0.00000,-2.03739,-0.00000,-0.22445,-0.00000,-0.59553, 0.80673,833.20584,1827.56249,1000.00000,-1.11792, 0.00000, 0.00000,
27.00000,11668.31864,-0.00000,3912.58535,-0.00000,-69.81509, 0.00000,890.33422,-1.96851, 0.00000,-0.00000,-2.03886,-0.00000,-0.22647,-0.00000,-0.60218, 0.80847,839.37916,1833.16135,1000.00000,-1.11792, 0.00000, 0.00000,
27.10000,11701.78820,-0.00000,3829.96459,-0.00000,-70.01905, 0.00000,892.51780,-1.97130, 0.00000,-0.00000,-2.04036,-0.00000,-0.22849,-0.00000,-0.60886, 0.81021,845.58905,1838.79588,1000.00000,-1.11792, 0.00000, 0.00000,
27.20000,11735.04854,-0.00000,3747.02426,-0.00000,-70.22316, 0.00000,894.69825,-1.97404, 0.00000,-0.00000,-2.04189,-0.00000,-0.23053,-0.00000,-0.61555, 0.81195,851.83559,1844.46624,1000.00000,-1.11792, 0.00000, 0.00000,
27.30000,11768.09741,-0.00000,3663.76497,-0.00000,-70.42743, 0.00000,896.87547,-1.97674, 0.00000,-0.00000,-2.04346,-0.00000,-0.23258,-0.00000,-0.62227, 0.81368,858.11881,1850.17255,1000.00000,-1.11792, 0.00000, 0.00000,
27.40000,11800.93257,-0.00000,3580.18737,-0.00000,-70.63186, 0.00000,899.04939,-1.97939, 0.00000,-0.00000,-2.04505,-0.00000,-0.23464,-0.00000,-0.62901, 0.81541,864.43879,1855.91497,1000.00000,-1.11792, 0.00000, 0.00000,
27.50000,11833.55177,-0.00000,3496.29215,-0.00000,-70.83644, 0.00000,901.21996,-1.98200, 0.00000,-0.00000,-2.04668,-0.00000,-0.23672,-0.00000,-0.63577, 0.81713,870.79556,1861.69365,1000.00000,-1.11792, 0.00000, 0.00000,
27.60000,11865.95275,-0.00000,3412.07998,-0.00000,-71.04119, 0.00000,903.38707,-1.98456, 0.00000,-0.00000,-2.04833,-0.00000,-0.23881,-0.00000,-0.64255, 0.81885,877.18918,1867.50872,1000.00000,-1.11792, 0.00000, 0.00000,
27.70000,11898.13325,-0.00000,3327.55157,-0.00000,-71.24611, 0.00000,905.55067,-1.98708, 0.00000,-0.00000,-2.05002,-0.00000,-0.24091,-0.00000,-0.64936, 0.82056,883.61969,1873.36033,1000.00000,-1.11792, 0.00000, 0.00000,
27.80000,11930.09100,-0.00000,3242.70765,-0.00000,-71.45120, 0.00000,907.71068,-1.98956, 0.00000,-0.00000,-2.05174,-0.00000,-0.24302,-0.00000,-0.65618, 0.82226,890.08713,1879.24862,1000.00000,-1.11792, 0.00000, 0.00000,
27.90000,11961.82372,-0.00000,3157.54896,-0.00000,-71.65646, 0.00000,909.86702,-1.99199, 0.00000,-0.00000,-2.05348,-0.00000,-0.24514,-0.00000,-0.66303, 0.82396,896.59155,1885.17375,1000.00000,-1.11792, 0.00000, 0.00000,
28.00000,11993.32914,-0.00000,3072.07625,-0.00000,-71.86190, 0.00000,912.01962,-1.99439, 0.00000,-0.00000,-2.05526,-0.00000,-0.24728,-0.00000,-0.66990, 0.82566,903.13297,1891.13584,1000.00000,-1.11792, 0.00000, 0.00000,
28.10000,12024.60497,-0.00000,2986.29032,-0.00000,-72.06751, 0.00000,914.16840,-1.99674, 0.00000,-0.00000,-2.05706,-0.00000,-0.24942,-0.00000,-0.67679, 0.82735,909.71144,1897.13504,1000.00000,-1.11792, 0.00000, 0.00000,
28.20000,12055.64891,-0.00000,2900.19195,-0.00000,-72.27331, 0.00000,916.31328,-1.99905, 0.00000,-0.00000,-2.05889,-0.00000,-0.25158,-0.00000,-0.68370, 0.82903,916.32697,1903.17149,1000.00000,-1.11792, 0.00000, 0.00000,
28.30000,12086.45868,-0.00000,2813.78197,-0.00000,-72.47929, 0.00000,918.45420,-2.00132, 0.00000,-0.00000,-2.06076,-0.00000,-0.25376,-0.00000,-0.69064, 0.83071,922.97960,1909.24534,1000.00000,-1.11792, 0.00000, 0.00000,
28.40000,12117.03197,-0.00000,2727.06121,-0.00000,-72.68546, 0.00000,920.59107,-2.00355, 0.00000,-0.00000,-2.06265,-0.00000,-0.25594,-0.00000,-0.69759, 0.83239,929.66935,1915.35672,1000.00000,-1.11792, 0.00000, 0.00000,
28.50000,12147.36648,-0.00000,2640.03053,-0.00000,-72.89182, 0.00000,922.72382,-2.00574, 0.00000,-0.00000,-2.06456,-0.00000,-0.25814,-0.00000,-0.70457, 0.83406,936.39624,1921.50577,1000.00000,-1.11792, 0.00000, 0.00000,
28.60000,12177.45991,-0.00000,2552.69081,-0.00000,-73.09837, 0.00000,924.85237,-2.00789, 0.00000,-0.00000,-2.06651,-0.00000,-0.26035,-0.00000,-0.71156, 0.83572,943.16029,1927.69263,1000.00000,-1.11792, 0.00000, 0.00000,
28.70000,12207.30993,-0.00000,2465.04293,-0.00000,-73.30512, 0.00000,926.97665,-2.01000, 0.00000,-0.00000,-2.06848,-0.00000,-0.26257,-0.00000,-0.71858, 0.83738,949.96151,1933.91744,1000.00000,-1.11792, 0.00000, 0.00000,
28.80000,12236.91423,-0.00000,2377.08781,-0.00000,-73.51207, 0.00000,929.09658,-2.01207, 0.00000,-0.00000,-2.07049,-0.00000,-0.26480,-0.00000,-0.72562, 0.83903,956.79991,1940.18033,1000.00000,-1.11792, 0.00000, 0.00000,
28.90000,12266.27049,-0.00000,2288.82639,-0.00000,-73.71922, 0.00000,931.21208,-2.01411, 0.00000,-0.00000,-2.07252,-0.00000,-0.26704,-0.00000,-0.73268, 0.84067,963.67549,1946.48145,1000.00000,-1.11792, 0.00000, 0.00000,
29.00000,12295.37639,-0.00000,2200.25962,-0.00000,-73.92658, 0.00000,933.32308,-2.01611, 0.00000,-0.00000,-2.07457,-0.00000,-0.26930,-0.00000,-0.73975, 0.84231,970.58826,1952.82092,1000.00000,-1.11792, 0.00000, 0.00000,
29.10000,12324.22959,-0.00000,2111.38847,-0.00000,-74.13414, 0.00000,935.42950,-2.01807, 0.00000,-0.00000,-2.07665,-0.00000,-0.27157,-0.00000,-0.74685, 0.84394,977.53822,1959.19889,1000.00000,-1.11792, 0.00000, 0.00000,
29.20000,12352.82777,-0.00000,2022.21394,-0.00000,-74.34191, 0.00000,937.53126,-2.01999, 0.00000,-0.00000,-2.07876,-0.00000,-0.27385,-0.00000,-0.75397, 0.84557,984.52536,1965.61548,1000.00000,-1.11792, 0.00000, 0.00000,
29.30000,12381.16859,-0.00000,1932.73704,-0.00000,-74.54989, 0.00000,939.62829,-2.02188, 0.00000,-0.00000,-2.08090,-0.00000,-0.27615,-0.00000,-0.76111, 0.84719,991.54967,1972.07083,1000.00000,-1.11792, 0.00000, 0.00000,
29.40000,12409.24970,-0.00000,1842.95880,-0.00000,-74.75809, 0.00000,941.72051,-2.02373, 0.00000,-0.00000,-2.08306,-0.00000,-0.27845,-0.00000,-0.76827, 0.84881,998.61114,1978.56508,1000.00000,-1.11792, 0.00000, 0.00000,
29.50000,12437.06878, 0.00000,1752.88028,-0.00000,-74.96650, 0.00000,943.80784,-2.02555, 0.00000,-0.00000,-2.08524,-0.00000,-0.28077,-0.00000,-0.77545, 0.85042,1005.70975,1985.09834,1000.00000,-1.11792, 0.00000, 0.00000,
29.60000,12464.62346, 0.00000,1662.50255,-0.00000,-75.17514, 0.00000,945.89021,-2.02733, 0.00000,-0.00000,-2.08746,-0.00000,-0.28310,-0.00000,-0.78265, 0.85202,1012.84549,1991.67076,1000.00000,-1.11792, 0.00000, 0.00000,
29.70000,12491.91142, 0.00000,1571.82670,-0.00000,-75.38399, 0.00000,947.96754,-2.02908, 0.00000,-0.00000,-2.08969,-0.00000,-0.28545,-0.00000,-0.78987, 0.85361,1020.01832,1998.28246,1000.00000,-1.11792, 0.00000, 0.00000,
29.80000,12518.93029, 0.00000,1480.85386,-0.00000,-75.59308, 0.00000,950.03975,-2.03079, 0.00000,-0.00000,-2.09195,-0.00000,-0.28780,-0.00000,-0.79710, 0.85520,1027.22822,2004.93357,1000.00000,-1.11792, 0.00000, 0.00000,
29.90000,12545.67773, 0.00000,1389.58516,-0.00000,-75.80239, 0.00000,952.10676,-2.03247, 0.00000,-0.00000,-2.09424,-0.00000,-0.29017,-0.00000,-0.80436, 0.85679,1034.47515,2011.62422,1000.00000,-1.11792, 0.00000, 0.00000,
30.00000,12572.15138, 0.00000,1298.02175,-0.00000,-76.01193, 0.00000,954.16850,-2.03412, 0.00000,-0.00000,-2.09655,-0.00000,-0.29255,-0.00000,-0.81164, 0.85836,1041.75908,2018.35453,1000.00000,-1.11792, 0.00000, 0.00000,
